0	0	0	1	0	0	0
0	0.17	0.10	0.23	0.25	0.25	0
0	0.22	0.17	0.17	0.20	0.24	0
0	0.20	0.19	0.20	0.26	0.15	0
0	0.25	0.25	0.23	0.10	0.17	0
0	0	0	1	0	0	0
0	0.15	0.25	0.26	0.23	0.11	0
0	0.20	0.16	0.20	0.26	0.18	0
0	0.24	0.20	0.17	0.17	0.22	0
0	0.11	0.23	0.26	0.25	0.15	0
0	0	0	1	0	0	0
0	0.20	0.11	0.26	0.22	0.21	0
0	0.15	0.26	0.20	0.19	0.20	0
0	0.18	0.26	0.20	0.16	0.20	0
0	0.21	0.22	0.26	0.11	0.20	0
0	0	0	1	0	0	0

