0	0	0	1	0	0	0
0	0.15	0.30	0.15	0.22	0.18	0
0	0.20	0.15	0.15	0.35	0.15	0
0	0.25	0.20	0.25	0.15	0.15	0
0	0.18	0.22	0.15	0.30	0.15	0
0	0	0	1	0	0	0
0	0.17	0.20	0.23	0.25	0.15	0
0	0.23	0.17	0.18	0.27	0.15	0
0	0.15	0.35	0.15	0.15	0.20	0
0	0.15	0.25	0.23	0.20	0.17	0
0	0	0	1	0	0	0
0	0.26	0.09	0.20	0.25	0.20	0
0	0.15	0.15	0.25	0.20	0.25	0
0	0.15	0.27	0.18	0.17	0.23	0
0	0.20	0.25	0.20	0.09	0.26	0
0	0	0	1	0	0	0

