0	0	0	1	0	0	0
0	0.05	0.37	0.13	0.22	0.23	0
0	0.16	0.19	0.16	0.32	0.17	0
0	0.13	0.17	0.26	0.23	0.21	0
0	0.23	0.22	0.13	0.37	0.05	0
0	0	0	1	0	0	0
0	0.17	0.21	0.21	0.17	0.24	0
0	0.16	0.20	0.25	0.21	0.18	0
0	0.17	0.32	0.16	0.19	0.16	0
0	0.24	0.17	0.21	0.21	0.17	0
0	0	0	1	0	0	0
0	0.12	0.15	0.19	0.35	0.19	0
0	0.21	0.23	0.26	0.17	0.13	0
0	0.18	0.21	0.25	0.20	0.16	0
0	0.19	0.35	0.19	0.15	0.12	0
0	0	0	1	0	0	0

