0	0	0	1	0	0	0
0	0.06	0.38	0.15	0.21	0.20	0
0	0.17	0.21	0.18	0.30	0.14	0
0	0.14	0.19	0.28	0.21	0.18	0
0	0.20	0.21	0.15	0.38	0.06	0
0	0	0	1	0	0	0
0	0.18	0.23	0.23	0.15	0.21	0
0	0.17	0.22	0.27	0.19	0.15	0
0	0.14	0.30	0.18	0.21	0.17	0
0	0.21	0.15	0.23	0.23	0.18	0
0	0	0	1	0	0	0
0	0.13	0.17	0.21	0.33	0.16	0
0	0.18	0.21	0.28	0.19	0.14	0
0	0.15	0.19	0.27	0.22	0.17	0
0	0.16	0.33	0.21	0.17	0.13	0
0	0	0	1	0	0	0

